10000000000000000000000000000000000000000110000000000000000001101000000000000000101000000000000000001
101
11000000000000000000110100000000000000001010000000000000000
10000000000000000000000000000000000000000000000000000000000000000000000000000000000000000000
111101000010100100011000000000000000000000000000000000000000000000000000000000
11111000111101100000000000000000000000000000000
1110000000100000001111001001101111111101100111100000000
1110000000100000001111001010101111111101100111100000000
1110000000100000001111001011101111111101100111100000000
1110000000100000001111001011101111111111100111100000000
1110000000100000001111001100101111111101100111100000000
1110000000100000001111001101101111111101100111100000000
1110000010000000000110111000001000101001000110000000000
1110000010000000001000110110011000000001000000000000000
1111000001000101100000001010010000000000000000000000000
1111000001000000001000000100011000000000000000000000000
1111000001000001000000000000000000000000000000000000000
1111000010000101100000001010010000000000000000000000000
1111000010000000001000110110011000000000000000000000000
1111000100000000000000001001001000000000000000000000000
1111000100000000000000000101000000000000000000000000000
1111000100100000001111000100001000000000000000000000000
1111000010000000100111110100000000000000000000000000000
1111000010000101010111110000001000000000000000000000000
1111010000000000000000000000000000000000000000000000000
1111000010000001000000001010000000000000000000000000000
1111000010000000000110111000001000000000000000000000000
1111000010000101100000001010010000000000000000000000000
1111000010000000001000110110011000000000000000000000000
1111010000000001000000000000000000000000000000000000000
1111010000101000000110000000000000000000000000000000000
1111010000101001000110000000000000000000000000000000000
